import numpy as np

strategyMat = np.array([[1, 3, 9, 6],
                        [2, 6, 2, 3],
                        [7, 2, 6, 5]])

"""
strategyMat = np.array([[10, 11, 16, 15, 2],
                        [9, 7, 6, 17, 1],
                        [14, 0, 13, 19, 0],
                        [7, 9, 0, 13, 9]])
"""
"""
a = np.array([[10, 11, 16, 15, 2],
              [9, 7, 6, 17, 1],
              [14, 0, 13, 19, 0],
              [7, 9, 0, 13, 9]])

b = np.array([1, 1, 1, 1])

c = np.array([1, 1, 1, 1, 1])

condition = ['<=', '<=', '<=', '<=']

flag = "max"
"""
"""
a = np.array([[10, 9, 14, 7],
              [11, 7, 0, 9],
              [16, 6, 13, 0],
              [15, 17, 19, 13],
              [2, 1, 0, 9]])

b = np.array([1, 1, 1, 1, 1])

c = np.array([1, 1, 1, 1])

condition = ['>=', '>=', '>=', '>=', '>=']

flag = "min"
"""
